195
3
17
59
38
71
82
54
17
19
36
17
67
85
73
13
17
20
46
26
23
68
26
2
8
73
46
79
26
66
84
74
91
60
21
54
94
12
28
67
56
76
92
5
84
17
88
73
74
13
87
12
24
53
96
16
73
93
29
61
19
8
44
12
69
66
51
61
20
2
28
29
8
56
18
70
62
74
58
29
96
85
12
50
48
6
32
21
20
78
22
72
15
30
57
31
30
47
75
38
45
14
100
86
50
25
26
81
77
47
98
31
21
73
1
82
97
52
51
36
94
70
34
2
7
65
66
18
26
17
88
25
3
67
78
48
31
98
26
51
28
10
56
42
91
65
60
30
83
4
23
9
76
27
75
65
79
42
99
94
99
89
39
9
40
46
15
24
79
52
11
1
70
56
23
51
54
33
27
64
51
62
46
38
54
87
97
21
81
84
16
25
55
17
62
83